0 1 0 0 12.3700 0.2500
6 1 0 0 14.7920 0.2500
12 1 0 0 13.1320 0.2500
18 1 0 0 8.1360 0.2500
24 1 0 0 18.3140 0.2500
30 1 0 0 14.9840 0.2500
36 1 0 0 9.3080 0.2500
42 1 0 0 8.3370 0.2500
48 1 0 0 16.1230 0.2500
54 1 0 0 11.5200 0.2500
60 1 0 0 14.4400 0.2500
66 1 0 0 13.2700 0.2500
72 1 0 0 10.6030 0.2500
78 1 0 0 14.0200 0.2500
84 1 0 0 12.9350 0.2500
90 1 0 0 12.0030 0.2500
96 1 0 0 13.1480 0.2500
102 1 0 0 11.3070 0.2500
108 1 0 0 8.8880 0.2500
114 0 1 0 23.8780 0.0000
120 1 0 0 14.8160 0.2500
126 1 0 0 17.2310 0.2500
132 1 0 0 14.9560 0.2500
138 1 0 0 15.4680 0.2500
144 1 0 0 13.9470 0.2500
150 1 0 0 12.4960 0.2500
156 1 0 0 12.3050 0.2500
162 1 0 0 19.4060 0.2500
168 1 0 0 14.7290 0.2500
174 1 0 0 16.1660 0.2500
180 1 0 0 15.6850 0.2500
186 1 0 0 23.4160 0.2500
192 1 0 0 18.8870 0.2500
198 1 0 0 14.4860 0.2500
204 1 0 0 16.8110 0.2500
210 1 0 0 17.0780 0.2500
216 0 1 0 11.9660 0.0000
222 1 0 0 20.3670 0.2500
228 1 0 0 45.4420 0.1395
234 1 0 0 15.6720 0.2500
240 1 0 0 28.7870 0.2225
246 1 0 0 15.3920 0.2500
252 1 0 0 13.5370 0.2500
258 1 0 0 14.7350 0.2500
264 1 0 0 20.2790 0.2500
270 1 0 0 16.0450 0.2500
276 1 0 0 15.1720 0.2500
282 0 1 0 13.9990 0.0000
288 1 0 0 16.3920 0.2500
294 1 0 0 20.1560 0.2500
