0 1 0 0 15.2048 0.2500
6 1 0 0 15.6498 0.2500
12 1 0 0 17.7568 0.2500
18 1 0 0 9.6683 0.2500
24 1 0 0 20.4258 0.2500
30 1 0 0 18.5958 0.2500
36 1 0 0 11.5700 0.2500
42 1 0 0 11.0305 0.2500
48 1 0 0 18.8912 0.2500
54 1 0 0 12.9557 0.2500
60 1 0 0 19.1620 0.2500
66 1 0 0 17.2303 0.2500
72 1 0 0 14.0230 0.2500
78 1 0 0 19.5508 0.2500
84 1 0 0 15.1210 0.2500
90 1 0 0 13.1334 0.2500
96 1 0 0 19.3621 0.2500
102 1 0 0 15.3056 0.2500
108 1 0 0 11.3650 0.2500
114 1 0 0 16.6342 0.2500
120 1 0 0 22.5401 0.2500
126 1 0 0 20.7256 0.2500
132 1 0 0 19.2566 0.2500
138 1 0 0 18.1327 0.2500
144 1 0 0 19.4214 0.2500
150 1 0 0 16.8223 0.2500
156 1 0 0 16.3544 0.2500
162 1 0 0 22.0333 0.2453
168 1 0 0 22.3521 0.2500
174 1 0 0 21.2933 0.2500
180 1 0 0 21.6550 0.2500
186 1 0 0 17.7684 0.2500
192 1 0 0 21.5406 0.2500
198 1 0 0 18.2882 0.2500
204 1 0 0 21.4531 0.2500
210 1 0 0 21.0510 0.2489
216 0 1 0 10.4846 0.0000
222 1 0 0 21.0540 0.2500
228 1 0 0 21.4311 0.2500
234 1 0 0 20.9314 0.2500
240 1 0 0 19.9674 0.2500
246 1 0 0 19.5643 0.2500
252 1 0 0 15.8444 0.2500
258 1 0 0 19.5884 0.2500
264 1 0 0 21.1227 0.2500
270 1 0 0 16.3659 0.2500
276 1 0 0 20.4841 0.2500
282 0 1 0 19.1846 0.0000
288 1 0 0 20.7210 0.2500
294 1 0 0 22.7766 0.2500
0 1 0 0 12.9341 0.2500
6 1 0 0 16.0496 0.2500
12 1 0 0 17.6493 0.2500
18 1 0 0 10.3135 0.2500
24 1 0 0 20.0772 0.2500
30 1 0 0 18.1387 0.2500
36 1 0 0 11.4853 0.2500
42 1 0 0 11.1597 0.2500
48 1 0 0 18.8880 0.2500
54 1 0 0 12.9642 0.2500
60 1 0 0 16.0177 0.2500
66 1 0 0 17.0882 0.2500
72 1 0 0 13.6921 0.2500
78 1 0 0 19.9794 0.2500
84 1 0 0 15.1709 0.2500
90 1 0 0 13.2039 0.2500
96 1 0 0 19.3383 0.2500
102 1 0 0 16.3361 0.2500
108 1 0 0 11.4707 0.2500
114 1 0 0 17.4088 0.2500
120 1 0 0 22.9853 0.2500
126 1 0 0 20.6919 0.2500
132 1 0 0 19.4288 0.2500
138 1 0 0 18.9649 0.2500
144 1 0 0 18.5933 0.2500
150 1 0 0 17.0183 0.2500
156 1 0 0 15.9425 0.2500
162 1 0 0 22.3747 0.2416
168 1 0 0 22.2354 0.2500
174 1 0 0 21.1394 0.2500
180 1 0 0 21.4849 0.2500
186 1 0 0 18.2681 0.2500
192 1 0 0 22.3109 0.2500
198 1 0 0 18.2359 0.2500
204 1 0 0 21.5565 0.2500
210 1 0 0 21.1530 0.2477
216 0 1 0 11.8400 0.0000
222 1 0 0 21.6287 0.2500
228 1 0 0 18.5928 0.2500
234 1 0 0 20.9425 0.2500
240 1 0 0 19.3850 0.2500
246 1 0 0 20.2179 0.2500
252 1 0 0 15.9281 0.2500
258 1 0 0 20.4872 0.2500
264 1 0 0 21.6822 0.2500
270 1 0 0 16.3577 0.2500
276 1 0 0 20.1659 0.2500
282 0 1 0 16.4697 0.0000
288 1 0 0 19.4262 0.2500
294 1 0 0 22.5387 0.2500
0 1 0 0 17.1204 0.2500
0 1 0 0 12.8122 0.2500
6 1 0 0 15.3001 0.2500
6 1 0 0 15.4973 0.2500
12 1 0 0 17.5537 0.2500
12 1 0 0 17.7950 0.2500
18 1 0 0 9.6690 0.2500
18 1 0 0 9.7730 0.2500
24 1 0 0 20.4822 0.2500
24 1 0 0 20.9257 0.2500
30 1 0 0 18.1837 0.2500
30 1 0 0 17.8555 0.2500
36 1 0 0 11.2909 0.2500
36 1 0 0 11.4893 0.2500
42 1 0 0 11.0600 0.2500
42 1 0 0 11.3510 0.2500
48 1 0 0 19.3614 0.2500
48 1 0 0 18.8197 0.2500
54 1 0 0 13.0887 0.2500
54 1 0 0 13.1755 0.2500
60 0 1 0 6.8690 0.0000
60 1 0 0 17.3795 0.2500
66 1 0 0 16.9921 0.2500
66 1 0 0 16.9994 0.2500
72 1 0 0 13.7779 0.2500
72 1 0 0 14.2404 0.2500
78 1 0 0 20.3334 0.2500
78 1 0 0 19.7939 0.2500
84 1 0 0 14.9264 0.2500
84 1 0 0 15.4061 0.2500
90 1 0 0 13.1471 0.2500
90 1 0 0 13.2491 0.2500
96 1 0 0 19.3387 0.2500
96 1 0 0 18.9675 0.2500
102 1 0 0 14.8115 0.2500
102 1 0 0 14.6618 0.2500
108 1 0 0 11.4970 0.2500
108 1 0 0 11.2816 0.2500
114 1 0 0 17.6919 0.2500
114 1 0 0 17.4507 0.2500
120 1 0 0 22.9538 0.2500
120 1 0 0 22.9518 0.2500
126 1 0 0 20.0489 0.2500
126 1 0 0 20.1143 0.2500
132 1 0 0 19.9350 0.2500
132 1 0 0 18.4757 0.2500
138 1 0 0 18.7034 0.2500
138 1 0 0 18.6992 0.2500
144 1 0 0 19.2567 0.2500
144 1 0 0 19.3917 0.2500
150 1 0 0 16.3389 0.2500
150 1 0 0 16.6949 0.2500
156 1 0 0 16.0207 0.2500
156 1 0 0 16.1434 0.2500
162 1 0 0 22.0193 0.2455
162 1 0 0 21.5992 0.2500
168 1 0 0 21.9462 0.2500
168 1 0 0 24.7200 0.2421
174 1 0 0 21.3194 0.2500
174 1 0 0 20.9512 0.2500
180 1 0 0 21.3400 0.2500
180 1 0 0 21.8192 0.2500
186 1 0 0 18.1757 0.2500
186 1 0 0 17.7688 0.2500
192 1 0 0 21.6953 0.2500
192 1 0 0 22.2528 0.2500
198 1 0 0 18.1161 0.2500
198 1 0 0 18.1266 0.2500
204 1 0 0 21.5810 0.2500
204 1 0 0 21.3700 0.2500
210 1 0 0 20.9574 0.2500
210 1 0 0 20.9083 0.2500
216 0 1 0 12.8496 0.0000
216 0 1 0 12.0071 0.0000
222 1 0 0 21.0577 0.2500
222 1 0 0 21.3887 0.2500
228 1 0 0 19.3492 0.2500
228 1 0 0 19.4769 0.2500
234 1 0 0 20.6891 0.2500
234 1 0 0 21.4541 0.2500
240 0 1 0 6.7812 0.0000
240 1 0 0 19.2367 0.2500
246 0 1 0 22.2919 0.0000
246 1 0 0 19.0467 0.2500
252 1 0 0 16.0304 0.2500
252 1 0 0 16.1494 0.2500
258 1 0 0 19.3181 0.2500
258 1 0 0 18.9472 0.2500
264 1 0 0 21.4682 0.2500
270 1 0 0 12.6540 0.2500
276 1 0 0 14.1160 0.2500
282 0 1 0 12.1560 0.0000
288 1 0 0 14.7020 0.2500
294 1 0 0 16.2010 0.2500
264 1 0 0 15.3990 0.2500
270 1 0 0 12.4200 0.2500
276 1 0 0 13.9260 0.2500
282 0 1 0 11.8480 0.0000
288 1 0 0 14.5350 0.2500
294 1 0 0 16.3830 0.2500
0 1 0 0 10.9910 0.2500
6 1 0 0 11.9100 0.2500
12 1 0 0 13.1860 0.2500
18 1 0 0 7.7520 0.2500
24 1 0 0 14.4020 0.2500
30 1 0 0 13.2020 0.2500
36 1 0 0 8.5070 0.2500
42 1 0 0 8.5250 0.2500
48 1 0 0 13.6090 0.2500
54 1 0 0 10.4900 0.2500
60 1 0 0 12.5840 0.2500
66 1 0 0 12.5410 0.2500
72 1 0 0 10.4450 0.2500
78 1 0 0 13.5710 0.2500
84 1 0 0 12.0960 0.2500
90 1 0 0 10.2830 0.2500
96 1 0 0 13.3150 0.2500
102 1 0 0 11.5670 0.2500
108 1 0 0 8.7770 0.2500
114 1 0 0 12.9930 0.2500
120 1 0 0 15.0790 0.2500
126 1 0 0 13.9020 0.2500
132 1 0 0 14.0520 0.2500
138 1 0 0 13.8500 0.2500
144 1 0 0 14.1120 0.2500
150 1 0 0 11.9820 0.2500
156 1 0 0 12.1590 0.2500
162 1 0 0 14.6610 0.2500
168 1 0 0 14.9300 0.2500
174 1 0 0 14.0600 0.2500
180 1 0 0 14.7990 0.2500
186 1 0 0 12.7070 0.2500
192 1 0 0 14.4730 0.2500
198 1 0 0 13.4440 0.2500
204 1 0 0 14.5770 0.2500
210 1 0 0 13.8840 0.2500
216 0 1 0 16.8150 0.0000
222 1 0 0 14.0740 0.2500
228 1 0 0 13.3190 0.2500
234 1 0 0 14.1370 0.2500
240 1 0 0 15.0760 0.2500
246 1 0 0 14.0630 0.2500
252 1 0 0 12.2010 0.2500
258 1 0 0 14.0790 0.2500
264 1 0 0 15.2640 0.2500
270 1 0 0 11.9540 0.2500
276 1 0 0 13.9800 0.2500
282 0 1 0 11.6810 0.0000
288 1 0 0 13.8850 0.2500
294 1 0 0 15.8990 0.2500
0 0 1 0 4.8110 0.0000
6 1 0 0 12.4410 0.2500
12 1 0 0 12.7830 0.2500
18 1 0 0 8.4780 0.2500
24 1 0 0 14.7010 0.2500
30 1 0 0 13.2470 0.2500
36 1 0 0 8.5660 0.2500
42 1 0 0 8.5420 0.2500
48 1 0 0 13.4410 0.2500
54 1 0 0 10.1340 0.2500
60 0 1 0 10.4620 0.0000
66 1 0 0 12.5410 0.2500
72 1 0 0 10.4330 0.2500
78 1 0 0 13.5330 0.2500
84 1 0 0 12.0040 0.2500
90 1 0 0 10.1570 0.2500
96 1 0 0 13.3710 0.2500
102 1 0 0 11.5040 0.2500
108 1 0 0 8.6430 0.2500
114 1 0 0 12.8180 0.2500
120 1 0 0 14.9670 0.2500
126 1 0 0 14.0480 0.2500
132 1 0 0 14.1020 0.2500
138 1 0 0 13.5410 0.2500
144 1 0 0 13.9210 0.2500
150 1 0 0 11.4810 0.2500
156 1 0 0 12.1710 0.2500
162 1 0 0 14.4460 0.2500
168 1 0 0 14.9750 0.2500
174 1 0 0 14.0110 0.2500
180 1 0 0 15.5070 0.2500
186 1 0 0 12.4360 0.2500
192 1 0 0 14.2200 0.2500
198 1 0 0 13.4960 0.2500
204 1 0 0 14.4540 0.2500
210 1 0 0 13.5660 0.2500
216 0 1 0 6.6680 0.0000
222 1 0 0 14.1210 0.2500
228 1 0 0 14.1500 0.2500
234 1 0 0 14.4810 0.2500
240 1 0 0 14.6570 0.2500
246 0 1 0 11.9540 0.0000
252 1 0 0 12.0720 0.2500
258 1 0 0 14.0430 0.2500
264 1 0 0 15.2630 0.2500
270 1 0 0 11.9790 0.2500
276 1 0 0 14.0550 0.2500
282 0 1 0 12.1800 0.0000
288 1 0 0 15.5130 0.2500
294 1 0 0 16.5410 0.2500
0 1 0 0 10.2210 0.2500
0 1 0 0 9.7140 0.2500
0 1 0 0 9.9070 0.2500
0 1 0 0 15.5900 0.2500
6 1 0 0 12.4150 0.2500
6 1 0 0 12.3520 0.2500
6 1 0 0 12.1220 0.2500
6 1 0 0 12.3200 0.2500
12 1 0 0 13.2160 0.2500
12 1 0 0 13.1760 0.2500
12 1 0 0 13.1690 0.2500
12 1 0 0 13.2770 0.2500
18 1 0 0 9.5740 0.2500
18 1 0 0 8.0800 0.2500
18 1 0 0 9.7590 0.2500
18 1 0 0 8.2570 0.2500
24 1 0 0 14.5810 0.2500
24 1 0 0 14.5450 0.2500
24 1 0 0 14.8880 0.2500
24 1 0 0 14.5800 0.2500
30 1 0 0 13.3540 0.2500
30 1 0 0 14.0220 0.2500
30 1 0 0 13.3990 0.2500
30 1 0 0 13.9870 0.2500
36 1 0 0 8.8630 0.2500
36 1 0 0 8.9520 0.2500
36 1 0 0 8.8680 0.2500
36 1 0 0 8.9730 0.2500
42 1 0 0 8.5710 0.2500
42 1 0 0 8.4830 0.2500
42 1 0 0 8.4610 0.2500
42 1 0 0 8.9840 0.2500
48 1 0 0 13.3490 0.2500
48 1 0 0 13.4420 0.2500
48 1 0 0 13.2450 0.2500
48 1 0 0 13.4640 0.2500
54 1 0 0 10.1180 0.2500
54 1 0 0 10.3130 0.2500
54 1 0 0 10.7230 0.2500
54 1 0 0 9.9080 0.2500
60 1 0 0 12.8490 0.2500
60 1 0 0 12.7510 0.2500
60 1 0 0 12.4920 0.2500
60 1 0 0 12.7490 0.2500
66 1 0 0 12.4720 0.2500
66 1 0 0 12.6210 0.2500
66 1 0 0 12.2040 0.2500
66 1 0 0 12.7000 0.2500
72 1 0 0 10.4180 0.2500
72 1 0 0 10.4340 0.2500
72 1 0 0 10.4700 0.2500
72 1 0 0 10.8730 0.2500
78 1 0 0 13.8650 0.2500
78 1 0 0 13.6530 0.2500
78 1 0 0 13.5500 0.2500
78 1 0 0 13.3980 0.2500
84 1 0 0 11.7510 0.2500
84 1 0 0 11.4970 0.2500
84 1 0 0 11.3900 0.2500
84 1 0 0 11.7790 0.2500
90 1 0 0 10.2790 0.2500
90 1 0 0 10.0690 0.2500
90 1 0 0 10.1890 0.2500
90 1 0 0 9.7300 0.2500
96 1 0 0 13.2960 0.2500
96 1 0 0 13.3140 0.2500
96 1 0 0 13.3710 0.2500
96 1 0 0 13.3820 0.2500
102 1 0 0 10.9210 0.2500
102 1 0 0 12.0870 0.2500
102 1 0 0 10.6550 0.2500
102 1 0 0 12.1120 0.2500
108 1 0 0 8.5880 0.2500
108 1 0 0 8.4630 0.2500
108 1 0 0 8.4730 0.2500
108 1 0 0 8.7810 0.2500
114 1 0 0 12.6420 0.2500
114 1 0 0 12.8260 0.2500
114 1 0 0 12.5930 0.2500
114 1 0 0 12.6790 0.2500
120 1 0 0 15.1040 0.2500
120 1 0 0 14.6480 0.2500
120 1 0 0 15.0730 0.2500
120 1 0 0 14.7290 0.2500
126 1 0 0 14.0030 0.2500
126 1 0 0 14.0640 0.2500
126 1 0 0 13.9010 0.2500
126 1 0 0 13.9750 0.2500
132 1 0 0 14.2580 0.2500
132 1 0 0 14.1130 0.2500
132 1 0 0 13.8890 0.2500
132 1 0 0 13.6740 0.2500
138 1 0 0 13.6040 0.2500
138 1 0 0 24.7440 0.2500
138 1 0 0 14.4550 0.2500
138 1 0 0 13.4650 0.2500
144 1 0 0 13.9600 0.2500
144 1 0 0 14.0810 0.2500
144 1 0 0 13.9360 0.2500
144 1 0 0 14.0280 0.2500
150 1 0 0 11.6580 0.2500
150 1 0 0 11.2930 0.2500
150 1 0 0 11.5700 0.2500
150 1 0 0 11.7550 0.2500
156 1 0 0 12.2120 0.2500
156 1 0 0 12.1620 0.2500
156 1 0 0 12.1140 0.2500
156 1 0 0 11.8850 0.2500
162 1 0 0 14.4220 0.2500
162 1 0 0 14.2560 0.2500
162 1 0 0 14.3600 0.2500
162 1 0 0 14.3640 0.2500
168 1 0 0 14.8240 0.2500
168 1 0 0 14.8010 0.2500
168 1 0 0 14.9320 0.2500
168 1 0 0 14.6710 0.2500
174 1 0 0 14.0810 0.2500
174 1 0 0 14.0900 0.2500
174 1 0 0 14.0100 0.2500
174 1 0 0 14.1090 0.2500
180 1 0 0 15.0090 0.2500
180 1 0 0 15.1360 0.2500
180 1 0 0 14.9150 0.2500
180 1 0 0 15.4580 0.2500
186 1 0 0 12.7820 0.2500
186 1 0 0 12.7650 0.2500
186 1 0 0 12.7960 0.2500
186 1 0 0 12.3880 0.2500
192 1 0 0 14.0070 0.2500
192 0 1 0 11.0930 0.0000
192 1 0 0 14.2180 0.2500
192 1 0 0 14.0690 0.2500
198 1 0 0 13.3570 0.2500
198 1 0 0 13.9830 0.2500
198 1 0 0 13.9600 0.2500
198 1 0 0 13.5610 0.2500
204 1 0 0 14.3690 0.2500
204 1 0 0 14.5410 0.2500
204 1 0 0 14.6780 0.2500
204 1 0 0 14.5690 0.2500
210 1 0 0 13.6060 0.2500
210 1 0 0 13.5710 0.2500
210 1 0 0 13.5910 0.2500
210 1 0 0 13.4620 0.2500
216 0 1 0 10.6760 0.0000
216 0 1 0 7.1200 0.0000
216 0 1 0 6.8710 0.0000
216 0 1 0 15.0390 0.0000
222 1 0 0 14.4970 0.2500
222 1 0 0 14.5970 0.2500
222 1 0 0 14.1680 0.2500
222 1 0 0 14.1740 0.2500
228 1 0 0 14.3030 0.2500
228 1 0 0 13.8460 0.2500
228 0 1 0 7.3390 0.0000
228 1 0 0 14.4470 0.2500
234 1 0 0 14.1530 0.2500
234 1 0 0 14.1510 0.2500
234 1 0 0 14.2400 0.2500
234 1 0 0 14.1450 0.2500
240 0 1 0 5.1450 0.0000
240 1 0 0 15.0360 0.2500
240 0 1 0 4.8210 0.0000
240 0 1 0 10.6680 0.0000
246 1 0 0 14.0330 0.2500
246 0 1 0 16.2910 0.0000
246 1 0 0 13.9790 0.2500
246 1 0 0 13.8360 0.2500
252 1 0 0 12.1260 0.2500
252 1 0 0 12.0810 0.2500
252 1 0 0 11.8520 0.2500
252 1 0 0 12.1780 0.2500
258 1 0 0 14.0790 0.2500
258 1 0 0 13.8850 0.2500
258 1 0 0 14.0840 0.2500
258 1 0 0 13.9890 0.2500
264 1 0 0 15.4470 0.2500
264 1 0 0 15.5000 0.2500
264 1 0 0 15.2490 0.2500
264 1 0 0 15.5450 0.2500
270 1 0 0 12.3200 0.2500
270 1 0 0 12.3670 0.2500
270 1 0 0 12.7100 0.2500
270 1 0 0 12.2150 0.2500
276 1 0 0 14.1640 0.2500
276 1 0 0 14.1550 0.2500
276 1 0 0 14.5220 0.2500
276 1 0 0 14.3410 0.2500
282 0 1 0 12.0740 0.0000
282 0 1 0 12.7870 0.0000
282 0 1 0 13.4500 0.0000
282 0 1 0 12.5120 0.0000
288 1 0 0 13.6400 0.2500
288 1 0 0 14.5160 0.2500
288 1 0 0 14.2630 0.2500
288 1 0 0 13.8820 0.2500
294 1 0 0 16.2180 0.2500
294 1 0 0 16.5590 0.2500
294 1 0 0 16.4100 0.2500
294 1 0 0 16.1010 0.2500
